Alarm Clock : -1395.492811980808
Amplifier : -1500.614886515662
Battery : -1329.2692631156792
Blu Ray Player : -1652.71899360799
Cable Modem : -1461.5161945182006
Camcorder : -1635.8348536523577
Camera : -1635.3966141442047
Car Stereo : -1485.862451757143
CDPlayer : -1412.5531535097057
CellPhone : -1451.5532437137456
Computer : -1647.1984123418758
DVDPlayer : -1490.2121548032403
Fan : -1410.0627030402181
GPS : -1565.0759891086193
Graphics Card : -1583.6485022301904
HardDrive : -1536.7051967405248
Headphone : -1513.61916576284
Home Theater System : -1616.579910130936
Iron : -1470.2184613110626
Keyboard : -1533.8440585974483
Kindle : -1338.4859396084396
Lamp : -1373.637056343601
Laptop : -1468.857032261206
Media Player : -1707.1969098739821
Memory Card : -1350.333040580805
Microphone : -1444.3861239896783
Microwave : -1490.602721868609
Monitor : -1582.2691798751507
Mouse : -1522.0388085024788
MP3 Player : -1581.374423092765
Network Adapter : -1456.3823473904495
Printer : -1597.692335368172
Projector : -1620.6245608118852
Radar Detector : -1549.2673489611482
Remote Control : -1528.9791087162896
Rice Cooker : -1435.2486170025736
Scanner : -1619.959207150068
Speaker : -1542.4264618418865
Subwoofer : -1488.4563101908195
Tablet : -1581.1289410506777
Telephone : -1483.0856447237747
TV : -1580.6500882211974
Vacuum : -1561.2290253011424
Video Player : -1625.4899680509882
Video Recorder : -1647.5807812017715
Voice Recorder : -1516.0007906707021
Watch : -1398.3813880954447
Webcam : -1444.3460899983424
Wireless Router : -1612.7340205981404
Xbox : -1498.4240363968945
average : -1519.5049065664311
