Alarm Clock : -1269.9393602213045
Amplifier : -1313.004400943183
Battery : -1172.1513885444454
Blu Ray Player : -1387.5707390626408
Cable Modem : -1290.3383200215749
Camcorder : -1410.7288176498053
Camera : -1384.6364454685197
Car Stereo : -1272.0604234441023
CDPlayer : -1201.8847234183688
CellPhone : -1257.141039499048
Computer : -1372.6870074443946
DVDPlayer : -1299.946587695576
Fan : -1219.6631847752296
GPS : -1329.1950906175532
Graphics Card : -1301.0793629065658
HardDrive : -1275.7628421579902
Headphone : -1286.4226565018082
Home Theater System : -1385.7118290654169
Iron : -1333.3494680036072
Keyboard : -1297.768558083605
Kindle : -1239.2094616400873
Lamp : -1242.3280270257026
Laptop : -1266.704988509951
Media Player : -1413.1467061320145
Memory Card : -1173.1363888684384
Microphone : -1298.591041758187
Microwave : -1256.3637612456223
Monitor : -1304.105765771209
Mouse : -1312.031401873521
MP3 Player : -1373.3330157097566
Network Adapter : -1279.991838163484
Printer : -1401.4636228696472
Projector : -1394.4890876137556
Radar Detector : -1342.4967497590615
Remote Control : -1302.082046852659
Rice Cooker : -1238.6678120438569
Scanner : -1348.5576649943098
Speaker : -1261.098833282084
Subwoofer : -1250.2546159203675
Tablet : -1297.8517373154186
Telephone : -1265.4291739704663
TV : -1397.1557820721675
Vacuum : -1347.5714107076042
Video Player : -1346.1820321098864
Video Recorder : -1416.7299980922498
Voice Recorder : -1276.989097896943
Watch : -1195.75345625967
Webcam : -1243.5204751667138
Wireless Router : -1360.126711868169
Xbox : -1283.724742475236
average : -1303.8025938698595
