Alarm Clock : -30.912398351810737
Amplifier : -32.19863267627939
Battery : -28.303905401629674
Blu Ray Player : -31.344803212524205
Cable Modem : -30.82826734983482
Camcorder : -32.29169042088352
Camera : -34.69984062749517
Car Stereo : -30.678308740702278
CDPlayer : -31.172834965851614
CellPhone : -32.90121883224239
Computer : -33.14607432593859
DVDPlayer : -32.21473075638647
Fan : -30.55553561031678
GPS : -32.83854717033805
Graphics Card : -30.85310365779785
HardDrive : -34.51659245499908
Headphone : -33.15651151701562
Home Theater System : -31.751871474799014
Iron : -30.500742091821337
Keyboard : -33.01845382389781
Kindle : -30.026240227241267
Lamp : -31.434369286975123
Laptop : -32.74666830336461
Media Player : -33.45423680059353
Memory Card : -31.920363975068327
Microphone : -32.6783828634502
Microwave : -31.454238243754574
Monitor : -32.24352054147839
Mouse : -32.48224989406277
MP3 Player : -34.487891786723
Network Adapter : -30.202406553234066
Printer : -32.272212340569844
Projector : -32.68053796901691
Radar Detector : -30.618759463646352
Remote Control : -32.443614700201934
Rice Cooker : -31.082050918316817
Scanner : -33.40006503839041
Speaker : -32.62940218611577
Subwoofer : -33.2059891289184
Tablet : -32.44080089952861
Telephone : -32.503724631876274
TV : -35.87794242609056
Vacuum : -32.46468105899056
Video Player : -32.72194253447057
Video Recorder : -33.19111953571435
Voice Recorder : -32.131981150597966
Watch : -31.770697797058954
Webcam : -30.590163414769577
Wireless Router : -34.66522800036257
Xbox : -29.768847651705972
average : -32.14948785569706
