Alarm Clock : -312.871427131052
Amplifier : -325.72752748760576
Battery : -292.2102873075957
Blu Ray Player : -339.7797411615442
Cable Modem : -318.7663767456656
Camcorder : -349.99541454910104
Camera : -343.51431111048
Car Stereo : -322.4392777396999
CDPlayer : -310.8151597480973
CellPhone : -316.1644579674974
Computer : -334.30347814679334
DVDPlayer : -318.64936412391825
Fan : -303.7889952411087
GPS : -329.94889021609254
Graphics Card : -309.4254941894778
HardDrive : -313.0025299885288
Headphone : -323.35677855533834
Home Theater System : -336.1073747246846
Iron : -317.8462475646291
Keyboard : -314.4087434931126
Kindle : -301.42981052467627
Lamp : -302.1280983707547
Laptop : -317.24798298893546
Media Player : -339.6855838200324
Memory Card : -305.3579939384259
Microphone : -322.97838839477265
Microwave : -315.4419839310246
Monitor : -312.45847434153626
Mouse : -327.0662869038648
MP3 Player : -344.73684607100625
Network Adapter : -300.39711435641107
Printer : -345.91405680762267
Projector : -343.71917875557415
Radar Detector : -330.34501915782766
Remote Control : -324.46104299156485
Rice Cooker : -311.02966015838325
Scanner : -332.3978300882258
Speaker : -319.9268882890519
Subwoofer : -319.04601132378656
Tablet : -319.1340699116128
Telephone : -321.6175750994086
TV : -345.44190791964206
Vacuum : -326.7578904004476
Video Player : -322.3747242019151
Video Recorder : -347.6972627089164
Voice Recorder : -313.55947689900694
Watch : -300.7546041620815
Webcam : -305.1710417454208
Wireless Router : -338.9583710314732
Xbox : -309.65931772769517
average : -322.00032740426235
