Alarm Clock : -549.3845278332105
Amplifier : -567.7957288965024
Battery : -513.5127937141634
Blu Ray Player : -604.4139981978665
Cable Modem : -572.6570065710581
Camcorder : -618.4328788741817
Camera : -610.5328068444378
Car Stereo : -562.3892527250723
CDPlayer : -519.2924242986248
CellPhone : -550.4887295485562
Computer : -609.7518635503294
DVDPlayer : -557.6308907905042
Fan : -532.4611009728957
GPS : -578.4003616558936
Graphics Card : -553.1101929642165
HardDrive : -552.2385976554457
Headphone : -546.5890148803825
Home Theater System : -600.3934335558134
Iron : -555.4896462180205
Keyboard : -560.4427599630113
Kindle : -529.7807051935229
Lamp : -519.5459213430945
Laptop : -561.8931629830607
Media Player : -617.8253590644388
Memory Card : -521.3571470858861
Microphone : -561.7355464857998
Microwave : -549.1585158089349
Monitor : -556.0449359822913
Mouse : -568.8563699162931
MP3 Player : -614.4226680260766
Network Adapter : -532.1952693576254
Printer : -619.381180157006
Projector : -622.8399896332775
Radar Detector : -588.8054291915004
Remote Control : -574.9624787262386
Rice Cooker : -549.9314102365354
Scanner : -584.7180710813913
Speaker : -542.9916091600835
Subwoofer : -552.4018327448175
Tablet : -561.5239345073721
Telephone : -563.0498076528613
TV : -613.6379014406463
Vacuum : -580.9823138442541
Video Player : -578.1377289887309
Video Recorder : -623.6889207526898
Voice Recorder : -557.1325771112574
Watch : -526.1195740167115
Webcam : -539.951460626385
Wireless Router : -598.8804393168359
Xbox : -555.5123488675155
average : -567.6574523802664
