Alarm Clock : -47.9618158314307
Amplifier : -44.239420939740874
Battery : -54.515889086578
Blu Ray Player : -69.64972051432333
Cable Modem : -38.683140477089474
Camcorder : -68.9534703393802
Camera : -59.1649190815047
Car Stereo : -48.165237554421424
CDPlayer : -41.72729163623055
CellPhone : -28.80748103154879
Computer : -70.58358951601771
DVDPlayer : -65.22301102635716
Fan : -48.8468162862737
GPS : -51.00856177758472
Graphics Card : -74.21699668603833
HardDrive : -44.63276627970676
Headphone : -52.3734474523515
Home Theater System : -79.12410762329337
Iron : -52.79409863146484
Keyboard : -39.303946273106696
Kindle : -44.90149575279316
Lamp : -32.61136229137783
Laptop : -32.07288769659141
Media Player : -72.39940422363496
Memory Card : -31.41586426486776
Microphone : -38.58014422979042
Microwave : -50.144717968072605
Monitor : -47.49499510474046
Mouse : -39.76224762657211
MP3 Player : -46.399976948322774
Network Adapter : -69.35926224777572
Printer : -80.33159232450605
Projector : -70.88599059696531
Radar Detector : -57.073767072748055
Remote Control : -50.03310863359687
Rice Cooker : -35.1598858473017
Scanner : -54.00634077182681
Speaker : -73.39681443738287
Subwoofer : -43.45580680632089
Tablet : -44.41032369004371
Telephone : -34.32064502966542
TV : -50.111529525685405
Vacuum : -53.02603830941805
Video Player : -91.09793300620291
Video Recorder : -69.62729083213233
Voice Recorder : -59.128780455708004
Watch : -28.754710270465857
Webcam : -45.96271343640012
Wireless Router : -78.4747137661438
Xbox : -56.27697458792739
average : -53.213060915988464
